1624567457.132409
1624567462.9105945
1624567511.1309276
1624568946.4175596
1624568972.135318
1624568998.967432
1624569019.6664505
1624569370.837697
1624569402.9085588
1624569408.415903
1624569455.5959923
1624569558.349093
1624569592.3344483
1624569663.390186
1624569670.02019
1624569750.2762098
1624569964.0825927
1624570061.416562
1624570131.6076992
1624570372.1319802
1624570377.2539725
1624570469.6380098
1624570549.8171003
1624570655.76428
1624570724.5663402
1624570729.2492998
1624570773.886361
1624570778.7583444
1624570783.2173343
1624570935.9545128
